Ticker,Contract Name,Type,Expiry,Strike,Moneyness,Bid,Ask,Volume,Open Interest,Bid Stock,Ask Stock,Last Stock Price,Implied Volatility
LYV,LYV250919C00065000,Call,2025-09-19,65.0,2.5500000000000003,99.2,103.0,1,0,165.82,165.9,165.57000732421875,1.9062504687500001
LYV,LYV250919C00070000,Call,2025-09-19,70.0,2.37,94.1,97.8,0,1,165.82,165.9,165.57000732421875,1.673829755859375
LYV,LYV250919C00075000,Call,2025-09-19,75.0,2.21,61.2,64.2,0,4,165.82,165.9,165.57000732421875,1.0000000000000003e-05
LYV,LYV250919C00080000,Call,2025-09-19,80.0,2.07,71.5,75.3,10,12,165.82,165.9,165.57000732421875,1.0000000000000003e-05
LYV,LYV250919C00085000,Call,2025-09-19,85.0,1.95,52.2,55.6,0,1,165.82,165.9,165.57000732421875,1.0000000000000003e-05
LYV,LYV250919C00090000,Call,2025-09-19,90.0,1.84,47.9,51.0,1,2,165.82,165.9,165.57000732421875,1.0000000000000003e-05
LYV,LYV250919C00095000,Call,2025-09-19,95.0,1.75,41.2,43.4,2,1,165.82,165.9,165.57000732421875,1.0000000000000003e-05
LYV,LYV250919C00097500,Call,2025-09-19,97.5,1.7,46.7,50.9,0,3,165.82,165.9,165.57000732421875,1.0000000000000003e-05
LYV,LYV250919C00100000,Call,2025-09-19,100.0,1.6600000000000001,64.3,68.1,1,80,165.82,165.9,165.57000732421875,1.1357465087890626
LYV,LYV250919C00105000,Call,2025-09-19,105.0,1.58,47.2,50.3,1,4,165.82,165.9,165.57000732421875,1.0000000000000003e-05
LYV,LYV250919C00110000,Call,2025-09-19,110.0,1.51,54.3,58.2,2,7,165.82,165.9,165.57000732421875,0.9643558251953125
LYV,LYV250919C00115000,Call,2025-09-19,115.0,1.44,27.1,28.0,90,29,165.82,165.9,165.57000732421875,1.0000000000000003e-05
LYV,LYV250919C00120000,Call,2025-09-19,120.0,1.3800000000000001,44.4,47.7,6,196,165.82,165.9,165.57000732421875,0.73633076171875
LYV,LYV250919C00125000,Call,2025-09-19,125.0,1.33,39.5,43.3,8,252,165.82,165.9,165.57000732421875,0.7392604199218749
LYV,LYV250919C00130000,Call,2025-09-19,130.0,1.28,34.5,38.2,1,23,165.82,165.9,165.57000732421875,0.6462437719726561
LYV,LYV250919C00135000,Call,2025-09-19,135.0,1.23,29.6,33.3,1,32,165.82,165.9,165.57000732421875,0.5825237060546875
LYV,LYV250919C00140000,Call,2025-09-19,140.0,1.18,26.0,27.1,1,503,165.82,165.9,165.57000732421875,0.5158739819335938
LYV,LYV250919C00145000,Call,2025-09-19,145.0,1.1400000000000001,19.9,23.5,1,62,165.82,165.9,165.57000732421875,0.6333044482421876
LYV,LYV250919C00150000,Call,2025-09-19,150.0,1.11,15.6,18.7,4,95,165.82,165.9,165.57000732421875,0.5467574621582032
LYV,LYV250919C00155000,Call,2025-09-19,155.0,1.07,11.9,12.6,1,222,165.82,165.9,165.57000732421875,0.3575503698730469
LYV,LYV250919C00160000,Call,2025-09-19,160.0,1.04,7.8,8.3,2,325,165.82,165.9,165.57000732421875,0.30225307128906254
LYV,LYV250919C00165000,Call,2025-09-19,165.0,1.01,4.4,5.0,14,1165,165.82,165.9,165.57000732421875,0.27857166748046874
LYV,LYV250919C00170000,Call,2025-09-19,170.0,0.98,2.2,2.5,19,1507,165.82,165.9,165.57000732421875,0.2541578491210938
LYV,LYV250919C00175000,Call,2025-09-19,175.0,0.9500000000000001,0.85,1.3,8,305,165.82,165.9,165.57000732421875,0.260749580078125
LYV,LYV250919C00180000,Call,2025-09-19,180.0,0.92,0.15,0.65,4,65,165.82,165.9,165.57000732421875,0.2688061401367187
LYV,LYV250919C00185000,Call,2025-09-19,185.0,0.9,0.0,0.35,25,53,165.82,165.9,165.57000732421875,0.28321029296874994
LYV,LYV250919C00195000,Call,2025-09-19,195.0,0.85,0.0,0.0,1,2,165.82,165.9,165.57000732421875,0.12500875
LYV,LYV250919C00210000,Call,2025-09-19,210.0,0.79,0.05,2.55,0,1,165.82,165.9,165.57000732421875,0.6816438085937502
LYV,LYV250919C00220000,Call,2025-09-19,220.0,0.75,0.0,1.75,0,1,165.82,165.9,165.57000732421875,0.7087431469726562
LYV,LYV250919P00070000,Put,2025-09-19,70.0,2.37,0.05,2.35,0,3,165.82,165.9,165.57000732421875,2.0595751635742188
LYV,LYV250919P00075000,Put,2025-09-19,75.0,2.21,0.0,0.0,1,0,165.82,165.9,165.57000732421875,0.500005
LYV,LYV250919P00080000,Put,2025-09-19,80.0,2.07,0.0,0.0,2,0,165.82,165.9,165.57000732421875,0.500005
LYV,LYV250919P00085000,Put,2025-09-19,85.0,1.95,0.0,0.1,12,13,165.82,165.9,165.57000732421875,1.015629921875
LYV,LYV250919P00090000,Put,2025-09-19,90.0,1.84,2.25,5.8,15,15,165.82,165.9,165.57000732421875,2.0830126049804685
LYV,LYV250919P00095000,Put,2025-09-19,95.0,1.75,0.0,2.35,1,2184,165.82,165.9,165.57000732421875,1.4013701806640624
LYV,LYV250919P00097500,Put,2025-09-19,97.5,1.7,0.0,0.95,2,153,165.82,165.9,165.57000732421875,1.125004375
LYV,LYV250919P00100000,Put,2025-09-19,100.0,1.6600000000000001,0.0,1.0,2,290,165.82,165.9,165.57000732421875,1.087895185546875
LYV,LYV250919P00105000,Put,2025-09-19,105.0,1.58,0.3,1.05,1,59,165.82,165.9,165.57000732421875,1.0551805053710939
LYV,LYV250919P00110000,Put,2025-09-19,110.0,1.51,0.0,0.0,10,0,165.82,165.9,165.57000732421875,0.2500075
LYV,LYV250919P00115000,Put,2025-09-19,115.0,1.44,0.0,2.15,2,67,165.82,165.9,165.57000732421875,0.9685061743164063
LYV,LYV250919P00120000,Put,2025-09-19,120.0,1.3800000000000001,0.0,1.95,1,264,165.82,165.9,165.57000732421875,0.8562026098632812
LYV,LYV250919P00125000,Put,2025-09-19,125.0,1.33,0.0,1.95,1,779,165.82,165.9,165.57000732421875,0.7680687255859376
LYV,LYV250919P00130000,Put,2025-09-19,130.0,1.28,0.0,1.95,6,212,165.82,165.9,165.57000732421875,0.6821320849609377
LYV,LYV250919P00135000,Put,2025-09-19,135.0,1.23,0.05,0.4,1,143,165.82,165.9,165.57000732421875,0.48730981445312505
LYV,LYV250919P00140000,Put,2025-09-19,140.0,1.18,0.2,0.4,1,188,165.82,165.9,165.57000732421875,0.4155331884765625
LYV,LYV250919P00145000,Put,2025-09-19,145.0,1.1400000000000001,0.2,0.45,12,226,165.82,165.9,165.57000732421875,0.3540103662109374
LYV,LYV250919P00150000,Put,2025-09-19,150.0,1.11,0.0,0.75,4,232,165.82,165.9,165.57000732421875,0.3237372314453124
LYV,LYV250919P00155000,Put,2025-09-19,155.0,1.07,0.8,1.0,18,1261,165.82,165.9,165.57000732421875,0.2690502783203125
LYV,LYV250919P00160000,Put,2025-09-19,160.0,1.04,1.55,2.1,1,102,165.82,165.9,165.57000732421875,0.25989509643554687
LYV,LYV250919P00165000,Put,2025-09-19,165.0,1.01,3.1,3.9,16,39,165.82,165.9,165.57000732421875,0.24719991088867188
LYV,LYV250919P00170000,Put,2025-09-19,170.0,0.98,4.4,7.1,3,24,165.82,165.9,165.57000732421875,0.26489992919921873
LYV,LYV250919P00175000,Put,2025-09-19,175.0,0.9500000000000001,8.6,10.7,0,3,165.82,165.9,165.57000732421875,0.25830819824218754
LYV,LYV250919P00180000,Put,2025-09-19,180.0,0.92,12.3,16.1,12,0,165.82,165.9,165.57000732421875,0.3673158972167969
LYV,LYV251017C00085000,Call,2025-10-17,85.0,1.95,79.5,83.3,0,1,165.82,165.9,165.57000732421875,1.0366259106445317
LYV,LYV251017C00095000,Call,2025-10-17,95.0,1.75,35.5,39.2,1,1,165.82,165.9,165.57000732421875,1.0000000000000003e-05
LYV,LYV251017C00100000,Call,2025-10-17,100.0,1.6600000000000001,64.6,68.5,1,2,165.82,165.9,165.57000732421875,0.8432632861328124
LYV,LYV251017C00110000,Call,2025-10-17,110.0,1.51,40.1,43.0,1,1,165.82,165.9,165.57000732421875,1.0000000000000003e-05
LYV,LYV251017C00115000,Call,2025-10-17,115.0,1.44,26.8,30.4,1,0,165.82,165.9,165.57000732421875,1.0000000000000003e-05
LYV,LYV251017C00120000,Call,2025-10-17,120.0,1.3800000000000001,30.0,33.3,1,2,165.82,165.9,165.57000732421875,1.0000000000000003e-05
LYV,LYV251017C00125000,Call,2025-10-17,125.0,1.33,26.7,28.9,1,9,165.82,165.9,165.57000732421875,1.0000000000000003e-05
LYV,LYV251017C00130000,Call,2025-10-17,130.0,1.28,0.0,0.0,5,36,165.82,165.9,165.57000732421875,1.0000000000000003e-05
LYV,LYV251017C00135000,Call,2025-10-17,135.0,1.23,31.2,34.1,1,21,165.82,165.9,165.57000732421875,0.5061084545898438
LYV,LYV251017C00140000,Call,2025-10-17,140.0,1.18,25.6,29.3,1,22,165.82,165.9,165.57000732421875,0.5496871203613283
LYV,LYV251017C00145000,Call,2025-10-17,145.0,1.1400000000000001,20.8,23.6,1,80,165.82,165.9,165.57000732421875,0.4361628649902344
LYV,LYV251017C00150000,Call,2025-10-17,150.0,1.11,17.7,19.2,1,102,165.82,165.9,165.57000732421875,0.3980773083496094
LYV,LYV251017C00155000,Call,2025-10-17,155.0,1.07,13.4,14.8,10,196,165.82,165.9,165.57000732421875,0.35205726074218746
LYV,LYV251017C00160000,Call,2025-10-17,160.0,1.04,9.4,10.8,4,358,165.82,165.9,165.57000732421875,0.31415480773925775
LYV,LYV251017C00165000,Call,2025-10-17,165.0,1.01,6.7,8.1,17,192,165.82,165.9,165.57000732421875,0.3139717041015625
LYV,LYV251017C00170000,Call,2025-10-17,170.0,0.98,4.1,5.4,1,4254,165.82,165.9,165.57000732421875,0.29321995849609367
LYV,LYV251017C00175000,Call,2025-10-17,175.0,0.9500000000000001,2.3,3.4,16,224,165.82,165.9,165.57000732421875,0.27893787475585935
LYV,LYV251017C00180000,Call,2025-10-17,180.0,0.92,1.0,2.1,3,108,165.82,165.9,165.57000732421875,0.2732006274414062
LYV,LYV251017C00185000,Call,2025-10-17,185.0,0.9,0.0,1.15,2,1298,165.82,165.9,165.57000732421875,0.2629468237304688
LYV,LYV251017C00190000,Call,2025-10-17,190.0,0.87,0.0,1.95,1,2,165.82,165.9,165.57000732421875,0.35962554443359374
LYV,LYV251017C00200000,Call,2025-10-17,200.0,0.8300000000000001,0.0,0.0,4,14,165.82,165.9,165.57000732421875,0.12500875
LYV,LYV251017C00220000,Call,2025-10-17,220.0,0.75,0.0,1.95,0,1,165.82,165.9,165.57000732421875,0.5839885351562499
LYV,LYV251017P00070000,Put,2025-10-17,70.0,2.37,0.0,0.0,0,0,165.82,165.9,165.57000732421875,0.500005
LYV,LYV251017P00075000,Put,2025-10-17,75.0,2.21,0.0,1.1,1,3,165.82,165.9,165.57000732421875,1.1206098657226562
LYV,LYV251017P00090000,Put,2025-10-17,90.0,1.84,0.0,0.75,0,1,165.82,165.9,165.57000732421875,0.831056376953125
LYV,LYV251017P00100000,Put,2025-10-17,100.0,1.6600000000000001,0.0,0.25,2,1001,165.82,165.9,165.57000732421875,0.59570716796875
LYV,LYV251017P00105000,Put,2025-10-17,105.0,1.58,0.0,2.15,1,12,165.82,165.9,165.57000732421875,0.7902853002929688
LYV,LYV251017P00110000,Put,2025-10-17,110.0,1.51,0.0,2.15,1,36,165.82,165.9,165.57000732421875,0.7229031616210937
LYV,LYV251017P00115000,Put,2025-10-17,115.0,1.44,0.0,0.2,1,34,165.82,165.9,165.57000732421875,0.47852083984375
LYV,LYV251017P00120000,Put,2025-10-17,120.0,1.3800000000000001,0.0,1.15,3,128,165.82,165.9,165.57000732421875,0.5185595019531251
LYV,LYV251017P00125000,Put,2025-10-17,125.0,1.33,0.0,1.15,3,56,165.82,165.9,165.57000732421875,0.5434615966796876
LYV,LYV251017P00130000,Put,2025-10-17,130.0,1.28,0.0,2.0,10,67,165.82,165.9,165.57000732421875,0.5651898950195313
LYV,LYV251017P00135000,Put,2025-10-17,135.0,1.23,0.25,0.8,1,716,165.82,165.9,165.57000732421875,0.3864807446289062
LYV,LYV251017P00140000,Put,2025-10-17,140.0,1.18,0.5,1.1,2,793,165.82,165.9,165.57000732421875,0.36206692626953124
LYV,LYV251017P00145000,Put,2025-10-17,145.0,1.1400000000000001,0.7,1.3,1,96,165.82,165.9,165.57000732421875,0.3210517114257812
LYV,LYV251017P00150000,Put,2025-10-17,150.0,1.11,1.25,3.8,2,28,165.82,165.9,165.57000732421875,0.40698835205078127
LYV,LYV251017P00155000,Put,2025-10-17,155.0,1.07,2.1,3.3,8,105,165.82,165.9,165.57000732421875,0.30762411132812495
LYV,LYV251017P00160000,Put,2025-10-17,160.0,1.04,3.2,4.8,16,102,165.82,165.9,165.57000732421875,0.295905478515625
LYV,LYV251017P00165000,Put,2025-10-17,165.0,1.01,4.9,7.2,3,14,165.82,165.9,165.57000732421875,0.3007882421875
LYV,LYV251017P00170000,Put,2025-10-17,170.0,0.98,7.3,9.8,1,8,165.82,165.9,165.57000732421875,0.2921213366699218
LYV,LYV251121C00155000,Call,2025-11-21,155.0,1.07,15.3,18.0,0,3,165.82,165.9,165.57000732421875,0.38440557006835935
LYV,LYV251121C00165000,Call,2025-11-21,165.0,1.01,10.0,12.5,1,4,165.82,165.9,165.57000732421875,0.37982797912597654
LYV,LYV251121C00175000,Call,2025-11-21,175.0,0.9500000000000001,5.1,6.2,13,9,165.82,165.9,165.57000732421875,0.30878376770019533
LYV,LYV251121C00180000,Call,2025-11-21,180.0,0.92,3.8,4.6,5,6,165.82,165.9,165.57000732421875,0.30463341857910153
LYV,LYV251121C00185000,Call,2025-11-21,185.0,0.9,2.3,4.6,1,4,165.82,165.9,165.57000732421875,0.3484562225341796
LYV,LYV251121P00175000,Put,2025-11-21,175.0,0.9500000000000001,11.4,15.1,4,4,165.82,165.9,165.57000732421875,0.29169409484863273
LYV,LYV251219C00165000,Call,2025-12-19,165.0,1.01,11.6,12.3,5,1,165.82,165.9,165.57000732421875,0.3249579223632812
LYV,LYV251219C00185000,Call,2025-12-19,185.0,0.9,3.6,4.0,6,12,165.82,165.9,165.57000732421875,0.28375960388183585
LYV,LYV251219P00145000,Put,2025-12-19,145.0,1.1400000000000001,1.75,4.9,0,1,165.82,165.9,165.57000732421875,0.36365382446289063
LYV,LYV251219P00170000,Put,2025-12-19,170.0,0.98,10.7,13.2,2,3,165.82,165.9,165.57000732421875,0.288947540283203
LYV,LYV251219P00180000,Put,2025-12-19,180.0,0.92,15.2,19.4,3,3,165.82,165.9,165.57000732421875,0.2763133892822265
LYV,LYV260116C00040000,Call,2026-01-16,40.0,4.15,76.6,80.6,1,2,165.82,165.9,165.57000732421875,1.0000000000000003e-05
LYV,LYV260116C00042500,Call,2026-01-16,42.5,3.9,45.5,49.8,1,1,165.82,165.9,165.57000732421875,1.0000000000000003e-05
LYV,LYV260116C00047500,Call,2026-01-16,47.5,3.49,47.0,52.0,5,5,165.82,165.9,165.57000732421875,1.0000000000000003e-05
LYV,LYV260116C00050000,Call,2026-01-16,50.0,3.3200000000000003,84.0,88.5,1,0,165.82,165.9,165.57000732421875,1.0000000000000003e-05
LYV,LYV260116C00065000,Call,2026-01-16,65.0,2.5500000000000003,51.5,55.9,1,3,165.82,165.9,165.57000732421875,1.0000000000000003e-05
LYV,LYV260116C00070000,Call,2026-01-16,70.0,2.37,31.5,36.4,1,174,165.82,165.9,165.57000732421875,1.0000000000000003e-05
LYV,LYV260116C00072500,Call,2026-01-16,72.5,2.29,30.7,34.0,0,0,165.82,165.9,165.57000732421875,1.0000000000000003e-05
LYV,LYV260116C00075000,Call,2026-01-16,75.0,2.21,75.0,79.0,1,3,165.82,165.9,165.57000732421875,1.0000000000000003e-05
LYV,LYV260116C00077500,Call,2026-01-16,77.5,2.14,27.3,30.5,1,11,165.82,165.9,165.57000732421875,1.0000000000000003e-05
LYV,LYV260116C00080000,Call,2026-01-16,80.0,2.07,72.9,76.8,10,22,165.82,165.9,165.57000732421875,1.0000000000000003e-05
LYV,LYV260116C00082500,Call,2026-01-16,82.5,2.0100000000000002,61.5,66.5,1,3,165.82,165.9,165.57000732421875,1.0000000000000003e-05
LYV,LYV260116C00085000,Call,2026-01-16,85.0,1.95,0.0,0.0,1,0,165.82,165.9,165.57000732421875,1.0000000000000003e-05
LYV,LYV260116C00087500,Call,2026-01-16,87.5,1.9000000000000001,34.6,36.3,1,55,165.82,165.9,165.57000732421875,1.0000000000000003e-05
LYV,LYV260116C00090000,Call,2026-01-16,90.0,1.84,0.0,0.0,2,0,165.82,165.9,165.57000732421875,1.0000000000000003e-05
LYV,LYV260116C00092500,Call,2026-01-16,92.5,1.79,41.3,43.9,6,46,165.82,165.9,165.57000732421875,1.0000000000000003e-05
LYV,LYV260116C00095000,Call,2026-01-16,95.0,1.75,0.0,0.0,2,0,165.82,165.9,165.57000732421875,1.0000000000000003e-05
LYV,LYV260116C00097500,Call,2026-01-16,97.5,1.7,0.0,0.0,2,39,165.82,165.9,165.57000732421875,1.0000000000000003e-05
LYV,LYV260116C00100000,Call,2026-01-16,100.0,1.6600000000000001,66.0,69.9,3,17,165.82,165.9,165.57000732421875,0.6293982373046876
LYV,LYV260116C00105000,Call,2026-01-16,105.0,1.58,62.2,63.5,4,102,165.82,165.9,165.57000732421875,0.5734905932617188
LYV,LYV260116C00110000,Call,2026-01-16,110.0,1.51,56.4,60.2,24,75,165.82,165.9,165.57000732421875,0.5549360913085939
LYV,LYV260116C00115000,Call,2026-01-16,115.0,1.44,29.2,33.1,1,205,165.82,165.9,165.57000732421875,1.0000000000000003e-05
LYV,LYV260116C00120000,Call,2026-01-16,120.0,1.3800000000000001,47.0,49.6,2,237,165.82,165.9,165.57000732421875,0.5272264074707032
LYV,LYV260116C00125000,Call,2026-01-16,125.0,1.33,43.7,44.9,2,3343,165.82,165.9,165.57000732421875,0.4924977508544922
LYV,LYV260116C00130000,Call,2026-01-16,130.0,1.28,39.0,40.8,1,132,165.82,165.9,165.57000732421875,0.4803518762207031
LYV,LYV260116C00135000,Call,2026-01-16,135.0,1.23,34.1,37.3,1,135,165.82,165.9,165.57000732421875,0.4841970526123047
LYV,LYV260116C00140000,Call,2026-01-16,140.0,1.18,29.0,32.5,8,665,165.82,165.9,165.57000732421875,0.4397639031982422
LYV,LYV260116C00145000,Call,2026-01-16,145.0,1.1400000000000001,26.2,28.5,2,5147,165.82,165.9,165.57000732421875,0.41889008850097653
LYV,LYV260116C00150000,Call,2026-01-16,150.0,1.11,22.3,23.6,3,182,165.82,165.9,165.57000732421875,0.36914693359375
LYV,LYV260116C00155000,Call,2026-01-16,155.0,1.07,18.7,21.1,1,60,165.82,165.9,165.57000732421875,0.3815979809570312
LYV,LYV260116C00160000,Call,2026-01-16,160.0,1.04,15.8,17.3,2,352,165.82,165.9,165.57000732421875,0.35352208984374994
LYV,LYV260116C00165000,Call,2026-01-16,165.0,1.01,12.8,13.5,3,219,165.82,165.9,165.57000732421875,0.3206244696044921
LYV,LYV260116C00170000,Call,2026-01-16,170.0,0.98,10.1,10.7,10,86,165.82,165.9,165.57000732421875,0.3057625576782227
LYV,LYV260116C00175000,Call,2026-01-16,175.0,0.9500000000000001,7.9,8.5,1,112,165.82,165.9,165.57000732421875,0.2981637567138671
LYV,LYV260116C00180000,Call,2026-01-16,180.0,0.92,6.1,6.5,1,974,165.82,165.9,165.57000732421875,0.287970987548828
LYV,LYV260116C00185000,Call,2026-01-16,185.0,0.9,4.0,4.9,11,161,165.82,165.9,165.57000732421875,0.2802196002197265
LYV,LYV260116C00190000,Call,2026-01-16,190.0,0.87,3.3,3.7,1,200,165.82,165.9,165.57000732421875,0.2760692510986328
LYV,LYV260116C00195000,Call,2026-01-16,195.0,0.85,2.35,2.8,3,589,165.82,165.9,165.57000732421875,0.27417718017578124
LYV,LYV260116C00200000,Call,2026-01-16,200.0,0.8300000000000001,1.7,2.05,1,181,165.82,165.9,165.57000732421875,0.27069821105957037
LYV,LYV260116C00210000,Call,2026-01-16,210.0,0.79,0.8,1.1,5,6,165.82,165.9,165.57000732421875,0.26782958740234375
LYV,LYV260116C00220000,Call,2026-01-16,220.0,0.75,0.4,1.0,0,1,165.82,165.9,165.57000732421875,0.29895720581054686
LYV,LYV260116C00230000,Call,2026-01-16,230.0,0.72,0.0,1.85,0,33,165.82,165.9,165.57000732421875,0.3846497082519531
LYV,LYV260116P00040000,Put,2026-01-16,40.0,4.15,0.0,0.0,1,0,165.82,165.9,165.57000732421875,0.500005
LYV,LYV260116P00042500,Put,2026-01-16,42.5,3.9,0.05,2.55,100,1131,165.82,165.9,165.57000732421875,1.3085972070312497
LYV,LYV260116P00045000,Put,2026-01-16,45.0,3.69,0.2,2.15,12,6,165.82,165.9,165.57000732421875,1.23047259765625
LYV,LYV260116P00047500,Put,2026-01-16,47.5,3.49,0.3,1.4,8,9,165.82,165.9,165.57000732421875,1.1108442895507813
LYV,LYV260116P00050000,Put,2026-01-16,50.0,3.3200000000000003,0.0,1.75,2,7,165.82,165.9,165.57000732421875,1.0737351000976565
LYV,LYV260116P00055000,Put,2026-01-16,55.0,3.02,0.0,1.2,3,26,165.82,165.9,165.57000732421875,0.928711650390625
LYV,LYV260116P00060000,Put,2026-01-16,60.0,2.7600000000000002,1.65,2.2,2,12,165.82,165.9,165.57000732421875,1.0849655126953124
LYV,LYV260116P00065000,Put,2026-01-16,65.0,2.5500000000000003,0.0,0.0,1,0,165.82,165.9,165.57000732421875,0.2500075
LYV,LYV260116P00070000,Put,2026-01-16,70.0,2.37,0.0,0.0,1,0,165.82,165.9,165.57000732421875,0.2500075
LYV,LYV260116P00072500,Put,2026-01-16,72.5,2.29,0.0,2.45,3,10,165.82,165.9,165.57000732421875,0.8166522241210936
LYV,LYV260116P00075000,Put,2026-01-16,75.0,2.21,0.0,0.0,1,0,165.82,165.9,165.57000732421875,0.2500075
LYV,LYV260116P00077500,Put,2026-01-16,77.5,2.14,0.0,1.65,1,26,165.82,165.9,165.57000732421875,0.700198310546875
LYV,LYV260116P00080000,Put,2026-01-16,80.0,2.07,0.0,0.0,2,0,165.82,165.9,165.57000732421875,0.2500075
LYV,LYV260116P00082500,Put,2026-01-16,82.5,2.0100000000000002,0.0,2.55,1,88,165.82,165.9,165.57000732421875,0.7094755615234375
LYV,LYV260116P00085000,Put,2026-01-16,85.0,1.95,0.0,2.3,1,564,165.82,165.9,165.57000732421875,0.6682162084960939
LYV,LYV260116P00087500,Put,2026-01-16,87.5,1.9000000000000001,1.25,2.75,3,29,165.82,165.9,165.57000732421875,0.7302273071289063
LYV,LYV260116P00090000,Put,2026-01-16,90.0,1.84,0.15,3.6,5,195,165.82,165.9,165.57000732421875,0.6918976123046876
LYV,LYV260116P00092500,Put,2026-01-16,92.5,1.79,2.0,3.1,1,118,165.82,165.9,165.57000732421875,0.7209500561523439
LYV,LYV260116P00095000,Put,2026-01-16,95.0,1.75,1.9,2.15,1,83,165.82,165.9,165.57000732421875,0.6530796411132813
LYV,LYV260116P00097500,Put,2026-01-16,97.5,1.7,2.75,3.4,5,77,165.82,165.9,165.57000732421875,0.7037383142089844
LYV,LYV260116P00100000,Put,2026-01-16,100.0,1.6600000000000001,0.0,1.2,10,148,165.82,165.9,165.57000732421875,0.5317429638671876
LYV,LYV260116P00105000,Put,2026-01-16,105.0,1.58,0.0,1.85,8,96,165.82,165.9,165.57000732421875,0.5427291821289064
LYV,LYV260116P00110000,Put,2026-01-16,110.0,1.51,0.2,1.35,1,219,165.82,165.9,165.57000732421875,0.4598442687988281
LYV,LYV260116P00115000,Put,2026-01-16,115.0,1.44,0.0,2.95,2,239,165.82,165.9,165.57000732421875,0.5207567456054687
LYV,LYV260116P00120000,Put,2026-01-16,120.0,1.3800000000000001,0.85,1.35,2,1378,165.82,165.9,165.57000732421875,0.3797669445800781
LYV,LYV260116P00125000,Put,2026-01-16,125.0,1.33,1.1,1.65,6,157,165.82,165.9,165.57000732421875,0.3606020971679687
LYV,LYV260116P00130000,Put,2026-01-16,130.0,1.28,1.5,2.0,574,893,165.82,165.9,165.57000732421875,0.340826904296875
LYV,LYV260116P00135000,Put,2026-01-16,135.0,1.23,1.75,2.55,1,261,165.82,165.9,165.57000732421875,0.32684999328613284
LYV,LYV260116P00140000,Put,2026-01-16,140.0,1.18,1.55,5.0,1,42,165.82,165.9,165.57000732421875,0.37641004455566407
LYV,LYV260116P00145000,Put,2026-01-16,145.0,1.1400000000000001,3.4,4.1,1,3543,165.82,165.9,165.57000732421875,0.29999479309082033
LYV,LYV260116P00150000,Put,2026-01-16,150.0,1.11,4.4,6.9,1,172,165.82,165.9,165.57000732421875,0.33740896972656254
LYV,LYV260116P00155000,Put,2026-01-16,155.0,1.07,5.6,8.3,1,47,165.82,165.9,165.57000732421875,0.32306585144042954
LYV,LYV260116P00160000,Put,2026-01-16,160.0,1.04,7.5,8.3,955,998,165.82,165.9,165.57000732421875,0.2675244146728516
LYV,LYV260116P00165000,Put,2026-01-16,165.0,1.01,9.4,10.3,2,61,165.82,165.9,165.57000732421875,0.25678233459472655
LYV,LYV260116P00170000,Put,2026-01-16,170.0,0.98,11.8,12.5,6,71,165.82,165.9,165.57000732421875,0.24213404357910157
LYV,LYV260116P00175000,Put,2026-01-16,175.0,0.9500000000000001,13.9,15.3,5,27,165.82,165.9,165.57000732421875,0.23267368896484375
LYV,LYV260116P00180000,Put,2026-01-16,180.0,0.92,17.5,18.5,6,1,165.82,165.9,165.57000732421875,0.22321333435058593
LYV,LYV260320C00095000,Call,2026-03-20,95.0,1.75,36.5,41.5,1,2,165.82,165.9,165.57000732421875,1.0000000000000003e-05
LYV,LYV260320C00100000,Call,2026-03-20,100.0,1.6600000000000001,52.6,56.2,0,1,165.82,165.9,165.57000732421875,1.0000000000000003e-05
LYV,LYV260320C00110000,Call,2026-03-20,110.0,1.51,0.0,0.0,2,1,165.82,165.9,165.57000732421875,1.0000000000000003e-05
LYV,LYV260320C00115000,Call,2026-03-20,115.0,1.44,53.1,57.0,1,0,165.82,165.9,165.57000732421875,0.5710492114257812
LYV,LYV260320C00120000,Call,2026-03-20,120.0,1.3800000000000001,48.7,52.5,0,1,165.82,165.9,165.57000732421875,0.5418746984863283
LYV,LYV260320C00125000,Call,2026-03-20,125.0,1.33,44.3,47.9,1,2,165.82,165.9,165.57000732421875,0.5089770782470704
LYV,LYV260320C00130000,Call,2026-03-20,130.0,1.28,39.9,43.8,0,0,165.82,165.9,165.57000732421875,0.49023947265625006
LYV,LYV260320C00135000,Call,2026-03-20,135.0,1.23,0.0,0.0,0,3,165.82,165.9,165.57000732421875,1.0000000000000003e-05
LYV,LYV260320C00140000,Call,2026-03-20,140.0,1.18,32.7,34.3,1,218,165.82,165.9,165.57000732421875,0.4133969793701171
LYV,LYV260320C00145000,Call,2026-03-20,145.0,1.1400000000000001,28.3,32.0,10,26,165.82,165.9,165.57000732421875,0.43341631042480466
LYV,LYV260320C00150000,Call,2026-03-20,150.0,1.11,24.2,27.7,1,163,165.82,165.9,165.57000732421875,0.4014952429199219
LYV,LYV260320C00155000,Call,2026-03-20,155.0,1.07,22.1,24.0,10,81,165.82,165.9,165.57000732421875,0.38080453186035157
LYV,LYV260320C00160000,Call,2026-03-20,160.0,1.04,19.1,21.8,1,26,165.82,165.9,165.57000732421875,0.38837281555175784
LYV,LYV260320C00165000,Call,2026-03-20,165.0,1.01,16.2,17.5,43,256,165.82,165.9,165.57000732421875,0.34839518798828123
LYV,LYV260320C00170000,Call,2026-03-20,170.0,0.98,13.6,14.7,2,23,165.82,165.9,165.57000732421875,0.3353643124389648
LYV,LYV260320C00175000,Call,2026-03-20,175.0,0.9500000000000001,5.9,10.0,1,5,165.82,165.9,165.57000732421875,0.2791514956665039
LYV,LYV260320C00180000,Call,2026-03-20,180.0,0.92,7.9,10.9,9,123,165.82,165.9,165.57000732421875,0.33234310241699216
LYV,LYV260320C00185000,Call,2026-03-20,185.0,0.9,7.1,10.0,6,16,165.82,165.9,165.57000732421875,0.34537397796630853
LYV,LYV260320C00190000,Call,2026-03-20,190.0,0.87,5.7,7.4,40,89,165.82,165.9,165.57000732421875,0.31793894958496094
LYV,LYV260320C00195000,Call,2026-03-20,195.0,0.85,2.95,7.1,0,8,165.82,165.9,165.57000732421875,0.3373784524536133
LYV,LYV260320C00200000,Call,2026-03-20,200.0,0.8300000000000001,3.5,4.2,2,24,165.82,165.9,165.57000732421875,0.2896189202880859
LYV,LYV260320C00210000,Call,2026-03-20,210.0,0.79,0.0,0.0,1,22,165.82,165.9,165.57000732421875,0.062509375
LYV,LYV260320C00220000,Call,2026-03-20,220.0,0.75,0.0,2.8,1,2,165.82,165.9,165.57000732421875,0.3250189569091796
LYV,LYV260320C00230000,Call,2026-03-20,230.0,0.72,0.0,2.95,1,35,165.82,165.9,165.57000732421875,0.3634707208251954
LYV,LYV260320P00065000,Put,2026-03-20,65.0,2.5500000000000003,0.0,2.05,10,41,165.82,165.9,165.57000732421875,0.7336452416992187
LYV,LYV260320P00070000,Put,2026-03-20,70.0,2.37,0.0,0.0,1,70,165.82,165.9,165.57000732421875,0.2500075
LYV,LYV260320P00075000,Put,2026-03-20,75.0,2.21,0.0,1.85,1,40,165.82,165.9,165.57000732421875,0.619388571777344
LYV,LYV260320P00080000,Put,2026-03-20,80.0,2.07,0.0,2.4,1,38,165.82,165.9,165.57000732421875,0.6059609716796877
LYV,LYV260320P00085000,Put,2026-03-20,85.0,1.95,0.0,2.45,1,7,165.82,165.9,165.57000732421875,0.5642133422851563
LYV,LYV260320P00090000,Put,2026-03-20,90.0,1.84,0.0,1.95,1,2,165.82,165.9,165.57000732421875,0.5821574987792968
LYV,LYV260320P00095000,Put,2026-03-20,95.0,1.75,0.0,2.2,1,1,165.82,165.9,165.57000732421875,0.555790574951172
LYV,LYV260320P00100000,Put,2026-03-20,100.0,1.6600000000000001,3.8,5.5,0,2,165.82,165.9,165.57000732421875,0.6420323883056642
LYV,LYV260320P00105000,Put,2026-03-20,105.0,1.58,1.8,4.7,1,2,165.82,165.9,165.57000732421875,0.5296677893066408
LYV,LYV260320P00110000,Put,2026-03-20,110.0,1.51,0.0,2.6,6,13,165.82,165.9,165.57000732421875,0.4559380578613281
LYV,LYV260320P00115000,Put,2026-03-20,115.0,1.44,0.0,0.0,1,5,165.82,165.9,165.57000732421875,0.12500875
LYV,LYV260320P00120000,Put,2026-03-20,120.0,1.3800000000000001,0.0,0.0,1,4,165.82,165.9,165.57000732421875,0.062509375
LYV,LYV260320P00125000,Put,2026-03-20,125.0,1.33,1.6,2.9,1,16,165.82,165.9,165.57000732421875,0.35645174804687496
LYV,LYV260320P00130000,Put,2026-03-20,130.0,1.28,2.7,3.3,1,27,165.82,165.9,165.57000732421875,0.33521172607421873
LYV,LYV260320P00135000,Put,2026-03-20,135.0,1.23,2.95,4.5,1,258,165.82,165.9,165.57000732421875,0.3377141424560547
LYV,LYV260320P00140000,Put,2026-03-20,140.0,1.18,2.9,6.6,1,72,165.82,165.9,165.57000732421875,0.35773347351074214
LYV,LYV260320P00145000,Put,2026-03-20,145.0,1.1400000000000001,4.8,7.5,10,12,165.82,165.9,165.57000732421875,0.33850759155273435
LYV,LYV260320P00150000,Put,2026-03-20,150.0,1.11,6.0,7.7,1,27,165.82,165.9,165.57000732421875,0.29999479309082033
LYV,LYV260320P00155000,Put,2026-03-20,155.0,1.07,18.7,21.3,10,10,165.82,165.9,165.57000732421875,0.5225572647094726
LYV,LYV260320P00200000,Put,2026-03-20,200.0,0.8300000000000001,34.1,36.0,0,14,165.82,165.9,165.57000732421875,0.20862607788085932
LYV,LYV260417C00150000,Call,2026-04-17,150.0,1.11,25.2,28.9,0,2,165.82,165.9,165.57000732421875,0.40204455383300786
LYV,LYV260417C00155000,Call,2026-04-17,155.0,1.07,21.9,26.0,0,2,165.82,165.9,165.57000732421875,0.39777213562011715
LYV,LYV260417C00170000,Call,2026-04-17,170.0,0.98,13.3,17.0,1,2,165.82,165.9,165.57000732421875,0.35816071533203125
LYV,LYV260417C00180000,Call,2026-04-17,180.0,0.92,8.7,12.7,0,1,165.82,165.9,165.57000732421875,0.3464420825195312
LYV,LYV260417C00185000,Call,2026-04-17,185.0,0.9,6.8,11.0,0,1,165.82,165.9,165.57000732421875,0.34372604522705075
LYV,LYV260417C00190000,Call,2026-04-17,190.0,0.87,5.2,9.3,0,1,165.82,165.9,165.57000732421875,0.33743948699951176
LYV,LYV260417C00200000,Call,2026-04-17,200.0,0.8300000000000001,2.5,6.7,0,2,165.82,165.9,165.57000732421875,0.33075620422363283
LYV,LYV260417P00140000,Put,2026-04-17,140.0,1.18,3.5,6.8,2,5,165.82,165.9,165.57000732421875,0.3407048352050781
LYV,LYV260417P00180000,Put,2026-04-17,180.0,0.92,19.0,22.8,0,2,165.82,165.9,165.57000732421875,0.2626721682739258
LYV,LYV260618C00090000,Call,2026-06-18,90.0,1.84,46.8,50.0,0,3,165.82,165.9,165.57000732421875,1.0000000000000003e-05
LYV,LYV260618C00100000,Call,2026-06-18,100.0,1.6600000000000001,38.5,42.0,5,0,165.82,165.9,165.57000732421875,1.0000000000000003e-05
LYV,LYV260618C00105000,Call,2026-06-18,105.0,1.58,39.8,43.2,1,4,165.82,165.9,165.57000732421875,1.0000000000000003e-05
LYV,LYV260618C00110000,Call,2026-06-18,110.0,1.51,59.2,63.5,3,3,165.82,165.9,165.57000732421875,0.5614057531738281
LYV,LYV260618C00115000,Call,2026-06-18,115.0,1.44,37.5,38.9,0,1,165.82,165.9,165.57000732421875,1.0000000000000003e-05
LYV,LYV260618C00125000,Call,2026-06-18,125.0,1.33,25.5,30.5,0,3,165.82,165.9,165.57000732421875,1.0000000000000003e-05
LYV,LYV260618C00130000,Call,2026-06-18,130.0,1.28,23.9,27.5,5,104,165.82,165.9,165.57000732421875,1.0000000000000003e-05
LYV,LYV260618C00135000,Call,2026-06-18,135.0,1.23,20.0,22.9,0,8,165.82,165.9,165.57000732421875,1.0000000000000003e-05
LYV,LYV260618C00140000,Call,2026-06-18,140.0,1.18,34.6,38.8,1,52,165.82,165.9,165.57000732421875,0.4385432122802735
LYV,LYV260618C00145000,Call,2026-06-18,145.0,1.1400000000000001,30.9,35.4,1,30,165.82,165.9,165.57000732421875,0.42810630493164065
LYV,LYV260618C00150000,Call,2026-06-18,150.0,1.11,27.5,31.9,2,103,165.82,165.9,165.57000732421875,0.4134885311889648
LYV,LYV260618C00155000,Call,2026-06-18,155.0,1.07,24.2,28.5,3,42,165.82,165.9,165.57000732421875,0.39856558471679693
LYV,LYV260618C00160000,Call,2026-06-18,160.0,1.04,21.2,25.5,1,36,165.82,165.9,165.57000732421875,0.38843385009765624
LYV,LYV260618C00165000,Call,2026-06-18,165.0,1.01,18.3,23.0,1,6,165.82,165.9,165.57000732421875,0.3843140182495117
LYV,LYV260618C00170000,Call,2026-06-18,170.0,0.98,15.5,20.0,1,3,165.82,165.9,165.57000732421875,0.3689943472290039
LYV,LYV260618C00175000,Call,2026-06-18,175.0,0.9500000000000001,10.7,11.9,1,3,165.82,165.9,165.57000732421875,0.26508303283691403
LYV,LYV260618C00190000,Call,2026-06-18,190.0,0.87,8.8,11.7,2,7,165.82,165.9,165.57000732421875,0.34265794067382804
LYV,LYV260618C00195000,Call,2026-06-18,195.0,0.85,4.8,7.9,5,13,165.82,165.9,165.57000732421875,0.2966684103393554
LYV,LYV260618C00200000,Call,2026-06-18,200.0,0.8300000000000001,6.2,7.6,1,3,165.82,165.9,165.57000732421875,0.3117134259033203
LYV,LYV260618C00210000,Call,2026-06-18,210.0,0.79,4.1,5.0,2,5,165.82,165.9,165.57000732421875,0.29505099487304687
LYV,LYV260618C00220000,Call,2026-06-18,220.0,0.75,2.45,3.5,4,5,165.82,165.9,165.57000732421875,0.290473403930664
LYV,LYV260618P00065000,Put,2026-06-18,65.0,2.5500000000000003,0.0,2.05,33,86,165.82,165.9,165.57000732421875,0.6120644262695314
LYV,LYV260618P00070000,Put,2026-06-18,70.0,2.37,0.0,1.95,29,59,165.82,165.9,165.57000732421875,0.5625043750000001
LYV,LYV260618P00075000,Put,2026-06-18,75.0,2.21,0.0,0.0,29,0,165.82,165.9,165.57000732421875,0.12500875
LYV,LYV260618P00080000,Put,2026-06-18,80.0,2.07,0.4,3.2,1,166,165.82,165.9,165.57000732421875,0.5533491931152343
LYV,LYV260618P00100000,Put,2026-06-18,100.0,1.6600000000000001,0.0,2.85,1,97,165.82,165.9,165.57000732421875,0.4603325451660156
LYV,LYV260618P00105000,Put,2026-06-18,105.0,1.58,2.95,6.1,1,3,165.82,165.9,165.57000732421875,0.5464522894287109
LYV,LYV260618P00110000,Put,2026-06-18,110.0,1.51,1.55,3.6,1,5,165.82,165.9,165.57000732421875,0.4202938830566406
LYV,LYV260618P00115000,Put,2026-06-18,115.0,1.44,3.2,6.8,2,76,165.82,165.9,165.57000732421875,0.48743188354492195
LYV,LYV260618P00120000,Put,2026-06-18,120.0,1.3800000000000001,1.0,4.7,1,73,165.82,165.9,165.57000732421875,0.387701435546875
LYV,LYV260618P00125000,Put,2026-06-18,125.0,1.33,1.7,6.0,1,120,165.82,165.9,165.57000732421875,0.389654541015625
LYV,LYV260618P00130000,Put,2026-06-18,130.0,1.28,2.45,6.7,1,69,165.82,165.9,165.57000732421875,0.37183245361328127
LYV,LYV260618P00135000,Put,2026-06-18,135.0,1.23,3.4,7.7,1,3,165.82,165.9,165.57000732421875,0.3593203717041016
LYV,LYV260618P00140000,Put,2026-06-18,140.0,1.18,4.5,8.8,1,89,165.82,165.9,165.57000732421875,0.34656415161132803
LYV,LYV260618P00150000,Put,2026-06-18,150.0,1.11,7.2,11.2,2,6,165.82,165.9,165.57000732421875,0.3175422250366211
LYV,LYV260618P00155000,Put,2026-06-18,155.0,1.07,8.9,13.0,3,7,165.82,165.9,165.57000732421875,0.31012652770996096
LYV,LYV260918C00125000,Call,2026-09-18,125.0,1.33,37.5,40.7,1,1,165.82,165.9,165.57000732421875,0.12867082275390623
LYV,LYV260918C00135000,Call,2026-09-18,135.0,1.23,40.6,45.0,2,5,165.82,165.9,165.57000732421875,0.44205269866943364
LYV,LYV260918C00140000,Call,2026-09-18,140.0,1.18,37.0,41.5,3,44,165.82,165.9,165.57000732421875,0.43076130767822274
LYV,LYV260918C00145000,Call,2026-09-18,145.0,1.1400000000000001,34.0,38.0,51,51,165.82,165.9,165.57000732421875,0.41782198394775383
LYV,LYV260918C00150000,Call,2026-09-18,150.0,1.11,30.3,34.5,3,6,165.82,165.9,165.57000732421875,0.40332627929687503
LYV,LYV260918C00155000,Call,2026-09-18,155.0,1.07,28.1,31.5,1,2,165.82,165.9,165.57000732421875,0.3951781674194337
LYV,LYV260918C00160000,Call,2026-09-18,160.0,1.04,24.2,28.5,5,32,165.82,165.9,165.57000732421875,0.38504643280029294
LYV,LYV260918C00165000,Call,2026-09-18,165.0,1.01,21.3,26.0,2,10,165.82,165.9,165.57000732421875,0.38056039367675776
LYV,LYV260918C00170000,Call,2026-09-18,170.0,0.98,18.8,23.0,1,19,165.82,165.9,165.57000732421875,0.36655296539306637
LYV,LYV260918C00175000,Call,2026-09-18,175.0,0.9500000000000001,16.4,20.6,0,18,165.82,165.9,165.57000732421875,0.3594424407958984
LYV,LYV260918C00190000,Call,2026-09-18,190.0,0.87,7.0,11.5,0,22,165.82,165.9,165.57000732421875,0.2961801339721679
LYV,LYV260918C00210000,Call,2026-09-18,210.0,0.79,6.1,7.4,4,8,165.82,165.9,165.57000732421875,0.30213100219726563
LYV,LYV260918P00075000,Put,2026-09-18,75.0,2.21,0.0,1.85,0,5,165.82,165.9,165.57000732421875,0.5235643347167969
LYV,LYV260918P00090000,Put,2026-09-18,90.0,1.84,0.0,2.55,5,5,165.82,165.9,165.57000732421875,0.45453426330566404
LYV,LYV260918P00100000,Put,2026-09-18,100.0,1.6600000000000001,0.2,3.3,10,10,165.82,165.9,165.57000732421875,0.41974457214355465
LYV,LYV260918P00105000,Put,2026-09-18,105.0,1.58,0.6,3.9,0,0,165.82,165.9,165.57000732421875,0.40869731933593745
LYV,LYV260918P00110000,Put,2026-09-18,110.0,1.51,0.75,4.4,0,18,165.82,165.9,165.57000732421875,0.39252316467285153
LYV,LYV260918P00115000,Put,2026-09-18,115.0,1.44,1.35,4.5,5,6,165.82,165.9,165.57000732421875,0.36389796264648444
LYV,LYV260918P00120000,Put,2026-09-18,120.0,1.3800000000000001,2.15,6.4,1,1,165.82,165.9,165.57000732421875,0.3821472918701171
LYV,LYV260918P00125000,Put,2026-09-18,125.0,1.33,2.85,7.2,1,1,165.82,165.9,165.57000732421875,0.3681093463134766
LYV,LYV260918P00130000,Put,2026-09-18,130.0,1.28,4.0,8.0,1,7,165.82,165.9,165.57000732421875,0.3526065716552734
LYV,LYV260918P00135000,Put,2026-09-18,135.0,1.23,5.0,9.3,6,8,165.82,165.9,165.57000732421875,0.34549604705810544
LYV,LYV260918P00140000,Put,2026-09-18,140.0,1.18,6.2,10.5,1,7,165.82,165.9,165.57000732421875,0.33408258697509763
LYV,LYV260918P00145000,Put,2026-09-18,145.0,1.1400000000000001,7.5,11.5,1,26,165.82,165.9,165.57000732421875,0.31723705230712884
LYV,LYV260918P00150000,Put,2026-09-18,150.0,1.11,9.0,12.9,0,1,165.82,165.9,165.57000732421875,0.3053963504028321
LYV,LYV270115C00055000,Call,2027-01-15,55.0,3.02,111.5,116.5,1,2,165.82,165.9,165.57000732421875,0.7171659143066407
LYV,LYV270115C00065000,Call,2027-01-15,65.0,2.5500000000000003,0.0,0.0,1,0,165.82,165.9,165.57000732421875,1.0000000000000003e-05
LYV,LYV270115C00070000,Call,2027-01-15,70.0,2.37,0.0,0.0,0,0,165.82,165.9,165.57000732421875,1.0000000000000003e-05
LYV,LYV270115C00075000,Call,2027-01-15,75.0,2.21,93.0,98.0,0,2,165.82,165.9,165.57000732421875,0.5974161352539062
LYV,LYV270115C00080000,Call,2027-01-15,80.0,2.07,84.0,88.2,1,2,165.82,165.9,165.57000732421875,0.46411668701171876
LYV,LYV270115C00085000,Call,2027-01-15,85.0,1.95,69.5,74.5,2,3,165.82,165.9,165.57000732421875,1.0000000000000003e-05
LYV,LYV270115C00090000,Call,2027-01-15,90.0,1.84,75.6,80.0,1,2,165.82,165.9,165.57000732421875,0.4666191033935547
LYV,LYV270115C00095000,Call,2027-01-15,95.0,1.75,75.5,79.8,0,1,165.82,165.9,165.57000732421875,0.5107775973510743
LYV,LYV270115C00100000,Call,2027-01-15,100.0,1.6600000000000001,60.0,63.9,3,7,165.82,165.9,165.57000732421875,1.0000000000000003e-05
LYV,LYV270115C00105000,Call,2027-01-15,105.0,1.58,54.9,57.7,20,15,165.82,165.9,165.57000732421875,1.0000000000000003e-05
LYV,LYV270115C00110000,Call,2027-01-15,110.0,1.51,53.2,54.8,1,22,165.82,165.9,165.57000732421875,1.0000000000000003e-05
LYV,LYV270115C00115000,Call,2027-01-15,115.0,1.44,59.3,62.0,1,26,165.82,165.9,165.57000732421875,0.46890789886474615
LYV,LYV270115C00120000,Call,2027-01-15,120.0,1.3800000000000001,56.5,57.9,1,61,165.82,165.9,165.57000732421875,0.4516046051025391
LYV,LYV270115C00125000,Call,2027-01-15,125.0,1.33,52.6,54.0,2,288,165.82,165.9,165.57000732421875,0.4372920040893554
LYV,LYV270115C00130000,Call,2027-01-15,130.0,1.28,47.0,51.5,3,113,165.82,165.9,165.57000732421875,0.44553166778564457
LYV,LYV270115C00135000,Call,2027-01-15,135.0,1.23,43.5,48.0,2,8,165.82,165.9,165.57000732421875,0.4347285531616212
LYV,LYV270115C00140000,Call,2027-01-15,140.0,1.18,30.5,35.0,0,4,165.82,165.9,165.57000732421875,0.2747875256347656
LYV,LYV270115C00145000,Call,2027-01-15,145.0,1.1400000000000001,36.5,40.9,1,2047,165.82,165.9,165.57000732421875,0.40811749114990237
LYV,LYV270115C00150000,Call,2027-01-15,150.0,1.11,33.7,37.9,1,144,165.82,165.9,165.57000732421875,0.4010069665527344
LYV,LYV270115C00155000,Call,2027-01-15,155.0,1.07,30.6,35.0,3,63,165.82,165.9,165.57000732421875,0.39380489013671877
LYV,LYV270115C00160000,Call,2027-01-15,160.0,1.04,27.5,31.9,3,1520,165.82,165.9,165.57000732421875,0.3824066886901855
LYV,LYV270115C00165000,Call,2027-01-15,165.0,1.01,24.5,29.5,1,6050,165.82,165.9,165.57000732421875,0.3789124609375
LYV,LYV270115C00170000,Call,2027-01-15,170.0,0.98,22.0,26.5,1,9,165.82,165.9,165.57000732421875,0.366018913116455
LYV,LYV270115C00175000,Call,2027-01-15,175.0,0.9500000000000001,20.3,22.9,6,45,165.82,165.9,165.57000732421875,0.34400070068359373
LYV,LYV270115C00180000,Call,2027-01-15,180.0,0.92,17.8,21.9,4,7530,165.82,165.9,165.57000732421875,0.35390355575561516
LYV,LYV270115C00185000,Call,2027-01-15,185.0,0.9,15.5,20.0,14,44,165.82,165.9,165.57000732421875,0.3506534661865234
LYV,LYV270115C00190000,Call,2027-01-15,190.0,0.87,13.5,17.6,21,74,165.82,165.9,165.57000732421875,0.3393620751953125
LYV,LYV270115C00195000,Call,2027-01-15,195.0,0.85,11.5,16.4,16,22,165.82,165.9,165.57000732421875,0.3421391470336914
LYV,LYV270115C00200000,Call,2027-01-15,200.0,0.8300000000000001,10.0,14.6,18,113,165.82,165.9,165.57000732421875,0.3355779333496094
LYV,LYV270115C00210000,Call,2027-01-15,210.0,0.79,7.0,11.9,1,60,165.82,165.9,165.57000732421875,0.33005430694580074
LYV,LYV270115C00220000,Call,2027-01-15,220.0,0.75,6.6,8.0,34,40,165.82,165.9,165.57000732421875,0.3002084140014648
LYV,LYV270115C00230000,Call,2027-01-15,230.0,0.72,3.5,8.4,1,3,165.82,165.9,165.57000732421875,0.33112241149902344
LYV,LYV270115P00055000,Put,2027-01-15,55.0,3.02,0.5,0.95,9,3468,165.82,165.9,165.57000732421875,0.5097705273437501
LYV,LYV270115P00065000,Put,2027-01-15,65.0,2.5500000000000003,1.55,3.9,33,57,165.82,165.9,165.57000732421875,0.5826457751464844
LYV,LYV270115P00070000,Put,2027-01-15,70.0,2.37,0.8,2.6,2,2,165.82,165.9,165.57000732421875,0.5354050366210938
LYV,LYV270115P00080000,Put,2027-01-15,80.0,2.07,1.0,4.6,2,5,165.82,165.9,165.57000732421875,0.5451705639648439
LYV,LYV270115P00085000,Put,2027-01-15,85.0,1.95,0.5,3.0,1,3,165.82,165.9,165.57000732421875,0.4475763250732422
LYV,LYV270115P00090000,Put,2027-01-15,90.0,1.84,1.45,2.25,10,114,165.82,165.9,165.57000732421875,0.38477177734374995
LYV,LYV270115P00100000,Put,2027-01-15,100.0,1.6600000000000001,6.1,8.3,1,139,165.82,165.9,165.57000732421875,0.5065051791381835
LYV,LYV270115P00105000,Put,2027-01-15,105.0,1.58,0.0,0.0,1,7,165.82,165.9,165.57000732421875,0.062509375
LYV,LYV270115P00110000,Put,2027-01-15,110.0,1.51,1.5,6.5,1,13,165.82,165.9,165.57000732421875,0.3961242028808594
LYV,LYV270115P00115000,Put,2027-01-15,115.0,1.44,3.3,4.9,9,310,165.82,165.9,165.57000732421875,0.3282537878417968
LYV,LYV270115P00120000,Put,2027-01-15,120.0,1.3800000000000001,4.6,5.9,1,521,165.82,165.9,165.57000732421875,0.3234625759887695
LYV,LYV270115P00125000,Put,2027-01-15,125.0,1.33,4.9,7.1,17,20,165.82,165.9,165.57000732421875,0.3200751586914062
LYV,LYV270115P00130000,Put,2027-01-15,130.0,1.28,4.7,9.0,13,84,165.82,165.9,165.57000732421875,0.3266668896484375
LYV,LYV270115P00135000,Put,2027-01-15,135.0,1.23,6.0,10.3,3,3,165.82,165.9,165.57000732421875,0.31915964050292955
LYV,LYV270115P00140000,Put,2027-01-15,140.0,1.18,13.5,18.5,13,11,165.82,165.9,165.57000732421875,0.41644870666503897
LYV,LYV270115P00145000,Put,2027-01-15,145.0,1.1400000000000001,8.5,13.5,2,2002,165.82,165.9,165.57000732421875,0.3075630767822265
LYV,LYV270115P00150000,Put,2027-01-15,150.0,1.11,30.7,34.8,1,4,165.82,165.9,165.57000732421875,0.5499922930908205
LYV,LYV270115P00155000,Put,2027-01-15,155.0,1.07,12.0,17.0,17,192,165.82,165.9,165.57000732421875,0.2919992675781249
LYV,LYV270115P00160000,Put,2027-01-15,160.0,1.04,14.0,19.0,0,2,165.82,165.9,165.57000732421875,0.2846446047973632
LYV,LYV270115P00165000,Put,2027-01-15,165.0,1.01,32.0,36.5,0,2500,165.82,165.9,165.57000732421875,0.47983308258056634
LYV,LYV270115P00170000,Put,2027-01-15,170.0,0.98,22.3,24.2,0,1,165.82,165.9,165.57000732421875,0.27922778884887695
LYV,LYV270115P00175000,Put,2027-01-15,175.0,0.9500000000000001,21.0,24.6,0,11,165.82,165.9,165.57000732421875,0.2449416326904297
LYV,LYV270115P00180000,Put,2027-01-15,180.0,0.92,24.0,27.0,12,29,165.82,165.9,165.57000732421875,0.2339248971557617
LYV,LYV270115P00185000,Put,2027-01-15,185.0,0.9,26.5,31.5,0,1,165.82,165.9,165.57000732421875,0.24796284271240232
LYV,LYV270115P00190000,Put,2027-01-15,190.0,0.87,30.0,34.5,0,1,165.82,165.9,165.57000732421875,0.2401046449279785
